8.098547067152549461e-01	0.000000000000000000e+00
8.099665399990879644e-01	1.273567081454420871e-03
8.100699711249184087e-01	2.547465725125922040e-03
8.101652916990694786e-01	3.821663973959541372e-03
8.102527857595271943e-01	5.096131659956725825e-03
8.103327299110626436e-01	6.370840345295765948e-03
8.104053934587448493e-01	7.645763264752877472e-03
8.104710385398476991e-01	8.920875269404344304e-03
8.105299202541690340e-01	1.019615277159036971e-02
8.105822867927663378e-01	1.147157369112138114e-02
8.106283795651234581e-01	1.274711740270786757e-02
8.106684333247586860e-01	1.402276468459486176e-02
8.107026762932821873e-01	1.529849766838248595e-02
8.107313302829177726e-01	1.657429979001414158e-02
8.107546108174958910e-01	1.785015574191400889e-02
8.107727272519310580e-01	1.912605142625591059e-02
8.107858828901934878e-01	2.040197390934556793e-02
8.107942751017844785e-01	2.167791137709859997e-02
8.107980954367302040e-01	2.295385309159673690e-02
8.107975297390984659e-01	2.422978934870490333e-02
8.107927582590562787e-01	2.550571143673204672e-02
8.107839557634720640e-01	2.678161159611875536e-02
8.107712916450791063e-01	2.805748298013481176e-02
8.107549300302072659e-01	2.933331961657007977e-02
8.107350298850941606e-01	3.060911637040236374e-02
8.107117451207884740e-01	3.188486890742585345e-02
8.106852246966540498e-01	3.316057365882421615e-02
8.106556127224863184e-01	3.443622778667222023e-02
8.106230485592508250e-01	3.571182915035030214e-02
8.105876669184581829e-01	3.698737627385652316e-02
8.105495979601786694e-01	3.826286831400034505e-02
8.105089673897161173e-01	3.953830502946312914e-02
8.104658965529450976e-01	4.081368675071030822e-02
8.104205025303244936e-01	4.208901435074018094e-02
8.103728982295984595e-01	4.336428921665478470e-02
8.103231924771944206e-01	4.463951322203813660e-02
8.102714901083299948e-01	4.591468870012748588e-02
8.102178920558363862e-01	4.718981841776342945e-02
8.101624954377140142e-01	4.846490555010454782e-02
8.101053936434255975e-01	4.973995365609304442e-02
8.100466764189395708e-01	5.101496665465717756e-02
8.099864299505366017e-01	5.228994880163732178e-02
8.099247369473839830e-01	5.356490466742180184e-02
8.098616767228951074e-01	5.483983911527965521e-02
8.097973252748787987e-01	5.611475728037665367e-02
8.097317553644923782e-01	5.738966454946226731e-02
8.096650365940083471e-01	5.866456654121410957e-02
8.095972354834021223e-01	5.993946908722760231e-02
8.095284155457775910e-01	6.121437821363828052e-02
8.094586373616331487e-01	6.248930012336417761e-02
8.093879586519842073e-01	6.376424117895632127e-02
8.093164343503502778e-01	6.503920788604514169e-02
8.092441166736169533e-01	6.631420687737091257e-02
8.091710551917828953e-01	6.758924489738633856e-02
8.090972968966035905e-01	6.886432878741990948e-02
8.090228862691393186e-01	7.013946547138821819e-02
8.089478653462206514e-01	7.141466194204638962e-02
8.088722737858383693e-01	7.268992524776457520e-02
8.087961489314712260e-01	7.396526247982052049e-02
8.087195258753590021e-01	7.524068076019656270e-02
8.086424375207319493e-01	7.651618722987033050e-02
8.085649146430068379e-01	7.779178903758887653e-02
8.084869859499597133e-01	7.906749332911550132e-02
8.084086781408840183e-01	8.034330723693881848e-02
8.083300159647456296e-01	8.161923787043408318e-02
8.082510222773441333e-01	8.289529230646647262e-02
8.081717180974893333e-01	8.417147758042650696e-02
8.080921226622047593e-01	8.544780067768770193e-02
8.080122534809656143e-01	8.672426852547678033e-02
8.079321263889829297e-01	8.800088798514694999e-02
8.078517555995422539e-01	8.927766584484468637e-02
8.077711537554077559e-01	9.055460881256066630e-02
8.076903319793000691e-01	9.183172350955620677e-02
8.076092999234590897e-01	9.310901646415513377e-02
8.075280658182993898e-01	9.438649410589333710e-02
8.074466365201690143e-01	9.566416276001621366e-02
8.073650175582226529e-01	9.694202864231606098e-02
8.072832131804146272e-01	9.822009785430033113e-02
8.072012263986241276e-01	9.949837637868269580e-02
8.071190590329230252e-01	1.007768700751883462e-01
8.070367117549914759e-01	1.020555846766655478e-01
8.069541841306957508e-01	1.033345257854951654e-01
8.068714746618325107e-01	1.046136988702904419e-01
8.067885808270536252e-01	1.058931092628789539e-01
8.067054991219760884e-01	1.071727621555592785e-01
8.066222250984904640e-01	1.084526625986245857e-01
8.065387534032734118e-01	1.097328154981455084e-01
8.064550778155153976e-01	1.110132256140055479e-01
8.063711912838724682e-01	1.122938975581808801e-01
8.062870859626499742e-01	1.135748357932580416e-01
8.062027532472288982e-01	1.148560446311824301e-01
8.061181838087412288e-01	1.161375282322301972e-01
8.060333676280062587e-01	1.174192906041971740e-01
8.059482940287338026e-01	1.187013356017980470e-01
8.058629517100052153e-01	1.199836669262689670e-01
8.057773287780392035e-01	1.212662881251672792e-01
8.056914127772529799e-01	1.225492025923618222e-01
8.056051907206248641e-01	1.238324135682078581e-01
8.055186491193704335e-01	1.251159241398997202e-01
8.054317740119363300e-01	1.263997372419959353e-01
8.053445509923250478e-01	1.276838556571102679e-01
8.052569652377548071e-01	1.289682820167630806e-01
8.051690015356655072e-01	1.302530188023867108e-01
8.050806443100787524e-01	1.315380683464802414e-01
8.049918776473192761e-01	1.328234328339068238e-01
8.049026853211067589e-01	1.341091143033288635e-01
8.048130508170273645e-01	1.353951146487754054e-01
8.047229573563895455e-01	1.366814356213364445e-01
8.046323879194766659e-01	1.379680788309790851e-01
8.045413252682017680e-01	1.392550457484797444e-01
8.044497519681729214e-01	1.405423377074689617e-01
8.043576504101781488e-01	1.418299559065817061e-01
8.042650028310960320e-01	1.431179014117101300e-01
8.041717913342416590e-01	1.444061751583532449e-01
8.040779979091549068e-01	1.456947779540590515e-01
8.039836044508390511e-01	1.469837104809539885e-01
8.038885927784564789e-01	1.482729732983563975e-01
8.037929446534913813e-01	1.495625668454682866e-01
8.036966417973842036e-01	1.508524914441418951e-01
8.035996659086479532e-01	1.521427473017167575e-01
8.035019986794722513e-01	1.534333345139226035e-01
8.034036218118235650e-01	1.547242530678446248e-01
8.033045170330480600e-01	1.560155028449468351e-01
8.032046661109857322e-01	1.573070836241495518e-01
8.031040508686022594e-01	1.585989950849576446e-01
8.030026531981450111e-01	1.598912368106345794e-01
8.029004550748334301e-01	1.611838082914206216e-01
8.027974385700870075e-01	1.624767089277893983e-01
8.026935858643009514e-01	1.637699380337410693e-01
8.025888792591753251e-01	1.650634948401273616e-01
8.024833011896056467e-01	1.663573784980063031e-01
8.023768342351395022e-01	1.676515880820221571e-01
8.022694611310098312e-01	1.689461225938084232e-01
8.021611647787476596e-01	1.702409809654098494e-01
8.020519282563852714e-01	1.715361620627212924e-01
8.019417348282527058e-01	1.728316646889394570e-01
8.018305679543764608e-01	1.741274875880255701e-01
8.017184112994872880e-01	1.754236294481752445e-01
8.016052487416420735e-01	1.767200889052933932e-01
8.014910643804680213e-01	1.780168645464710875e-01
8.013758425450342449e-01	1.793139549134621091e-01
8.012595678013582079e-01	1.806113585061558113e-01
8.011422249595532286e-01	1.819090737860450668e-01
8.010237990806229336e-01	1.832070991796853066e-01
8.009042754829089894e-01	1.845054330821435939e-01
8.007836397481993274e-01	1.858040738604345710e-01
8.006618777275017473e-01	1.871030198569414715e-01
8.005389755464896728e-01	1.884022693928195380e-01
8.004149196106260522e-01	1.897018207713803695e-01
8.002896966099721787e-01	1.910016722814544821e-01
8.001632935236849820e-01	1.923018222007300548e-01
8.000356976242121165e-01	1.936022687990668345e-01
7.999068964811882898e-01	1.949030103417818960e-01
7.997768779650394899e-01	1.962040450929066204e-01
7.996456302503003322e-01	1.975053713184123094e-01
7.995131418186514072e-01	1.988069872894031864e-01
7.993794014616809607e-01	2.001088912852746482e-01
7.992443982833772331e-01	2.014110815968357948e-01
7.991081217023574546e-01	2.027135565293939901e-01
7.989705614538374912e-01	2.040163144058001476e-01
7.988317075913491383e-01	2.053193535694537164e-01
7.986915504882099448e-01	2.066226723872653104e-01
7.985500808387507865e-01	2.079262692525758460e-01
7.984072896593059632e-01	2.092301425880312704e-01
7.982631682889728131e-01	2.105342908484108544e-01
7.981177083901437319e-01	2.118387125234083568e-01
7.979709019488175903e-01	2.131434061403651714e-01
7.978227412746949909e-01	2.144483702669535419e-01
7.976732190010618062e-01	2.157536035138092334e-01
7.975223280844672136e-01	2.170591045371128569e-01
7.973700618042001143e-01	2.183648720411182909e-01
7.972164137615692647e-01	2.196709047806276738e-01
7.970613778789920056e-01	2.209772015634123288e-01
7.969049483988963622e-01	2.222837612525778161e-01
7.967471198824409573e-01	2.235905827688733638e-01
7.965878872080582873e-01	2.248976650929445653e-01
7.964272455698234721e-01	2.262050072675278745e-01
7.962651904756582466e-01	2.275126083995877846e-01
7.961017177453678650e-01	2.288204676623945277e-01
7.959368235085216847e-01	2.301285842975423490e-01
7.957705042021770980e-01	2.314369576169081344e-01
7.956027565684553604e-01	2.327455870045491704e-01
7.954335776519692036e-01	2.340544719185399525e-01
7.952629647971112270e-01	2.353636118927477927e-01
7.950909156452029558e-01	2.366730065385459492e-01
7.949174281315113388e-01	2.379826555464651938e-01
7.947425004821371264e-01	2.392925586877825139e-01
7.945661312107769048e-01	2.406027158160466417e-01
7.943883191153654488e-01	2.419131268685410230e-01
7.942090632745997247e-01	2.432237918676828092e-01
7.940283630443517593e-01	2.445347109223587612e-01
7.938462180539702651e-01	2.458458842291969537e-01
7.936626282024792367e-01	2.471573120737749762e-01
7.934775936546734076e-01	2.484689948317639341e-01
7.932911148371166732e-01	2.497809329700082792e-01
7.931031924340463668e-01	2.510931270475417199e-01
7.929138273831876083e-01	2.524055777165390424e-01
7.927230208714801662e-01	2.537182857232032074e-01
7.925307743307226094e-01	2.550312519085894958e-01
7.923370894331370762e-01	2.563444772093647628e-01
7.921419680868565516e-01	2.576579626585028815e-01
7.919454124313413113e-01	2.589717093859166264e-01
7.917474248327239783e-01	2.602857186190258298e-01
7.915480078790894103e-01	2.615999916832621452e-01
7.913471643756925245e-01	2.629145300025105825e-01
7.911448973401143947e-01	2.642293350994878165e-01
7.909412099973642807e-01	2.655444085960579348e-01
7.907361057749262567e-01	2.668597522134855682e-01
7.905295882977577682e-01	2.681753677726269047e-01
7.903216613832391158e-01	2.694912571940587531e-01
7.901123290360803075e-01	2.708074224981460998e-01
7.899015954431853892e-01	2.721238658050485482e-01
7.896894649684794709e-01	2.734405893346658067e-01
7.894759421477004491e-01	2.747575954065231141e-01
7.892610316831574213e-01	2.760748864395964342e-01
7.890447384384592366e-01	2.773924649520780883e-01
7.888270674332175103e-01	2.787103335610837118e-01
7.886080238377232154e-01	2.800284949823004244e-01
7.883876129676030686e-01	2.813469520295769355e-01
7.881658402784553763e-01	2.826657076144559189e-01
7.879427113604721145e-01	2.839847647456503199e-01
7.877182319330432447e-01	2.853041265284618766e-01
7.874924078393520377e-01	2.866237961641446841e-01
7.872652450409606262e-01	2.879437769492134702e-01
7.870367496123893414e-01	2.892640722746968041e-01
7.868069277356901647e-01	2.905846856253366250e-01
7.865757856950196247e-01	2.919056205787337599e-01
7.863433298712121378e-01	2.932268808044418695e-01
7.861095667363540151e-01	2.945484700630078279e-01
7.858745028483631323e-01	2.958703922049614743e-01
7.856381448455775907e-01	2.971926511697551287e-01
7.854004994413481544e-01	2.985152509846515367e-01
7.851615734186466744e-01	2.998381957635641304e-01
7.849213736246850592e-01	3.011614897058476070e-01
7.846799069655493453e-01	3.024851370950412122e-01
7.844371804008510862e-01	3.038091422975642830e-01
7.841932009383976165e-01	3.051335097613662728e-01
7.839479756288838530e-01	3.064582440145305897e-01
7.837015115606036364e-01	3.077833496638336941e-01
7.834538158541892727e-01	3.091088313932601750e-01
7.832048956573747223e-01	3.104346939624748059e-01
7.829547581397877654e-01	3.117609422052518564e-01
7.827034104877703680e-01	3.130875810278630489e-01
7.824508598992315767e-01	3.144146154074244359e-01
7.821971135785326101e-01	3.157420503902038100e-01
7.819421787314063677e-01	3.170698910898882006e-01
7.816860625599120205e-01	3.183981426858137342e-01
7.814287722574287942e-01	3.197268104211579143e-01
7.811703150036857224e-01	3.210558996010944854e-01
7.809106979598358089e-01	3.223854155909148811e-01
7.806499282635664949e-01	3.237153638141113121e-01
7.803880130242585311e-01	3.250457497504292692e-01
7.801249593181844855e-01	3.263765789338842205e-01
7.798607741837566554e-01	3.277078569507482775e-01
7.795954646168198332e-01	3.290395894375037766e-01
7.793290375659909230e-01	3.303717820787669401e-01
7.790614999280521813e-01	3.317044406051829486e-01
7.787928585433889772e-01	3.330375707912903160e-01
7.785231201914849519e-01	3.343711784533596187e-01
7.782522915864653612e-01	3.357052694472036913e-01
7.779803793726959293e-01	3.370398496659626764e-01
7.777073901204372142e-01	3.383749250378638718e-01
7.774333303215521518e-01	3.397105015239568204e-01
7.771582063852734423e-01	3.410465851158263062e-01
7.768820246340252256e-01	3.423831818332817578e-01
7.766047912993065960e-01	3.437202977220259470e-01
7.763265125176302961e-01	3.450579388513023704e-01
7.760471943265268013e-01	3.463961113115243684e-01
7.757668426606042500e-01	3.477348212118837045e-01
7.754854633476736536e-01	3.490740746779429360e-01
7.752030621049345038e-01	3.504138778492095763e-01
7.749196445352258822e-01	3.517542368766955474e-01
7.746352161233378553e-01	3.530951579204598123e-01
7.743497822323917035e-01	3.544366471471387392e-01
7.740633481002816563e-01	3.557787107274613114e-01
7.737759188361842400e-01	3.571213548337534571e-01
7.734874994171346829e-01	3.584645856374299444e-01
7.731980946846680469e-01	3.598084093064760625e-01
7.729077093415286370e-01	3.611528320029188666e-01
7.726163479484489116e-01	3.624978598802910956e-01
7.723240149209951166e-01	3.638434990810857084e-01
7.720307145264804216e-01	3.651897557342034251e-01
7.717364508809508861e-01	3.665366359523954953e-01
7.714412279462383726e-01	3.678841458296995826e-01
7.711450495270824046e-01	3.692322914388713184e-01
7.708479192683272974e-01	3.705810788288142477e-01
7.705498406521831267e-01	3.719305140220038330e-01
7.702508169955630812e-01	3.732806030119129592e-01
7.699508514474883158e-01	3.746313517604333287e-01
7.696499469865680787e-01	3.759827661953000777e-01
7.693481064185462293e-01	3.773348522075138378e-01
7.690453323739230296e-01	3.786876156487654632e-01
7.687416273056508764e-01	3.800410623288656975e-01
7.684369934868956475e-01	3.813951980131732866e-01
7.681314330088747644e-01	3.827500284200301972e-01
7.678249477787700839e-01	3.841055592182028300e-01
7.675175395177047388e-01	3.854617960243245101e-01
7.672092097588020243e-01	3.868187444003492459e-01
7.668999598453087874e-01	3.881764098510090411e-01
7.665897909287970879e-01	3.895347978212816975e-01
7.662787039674344713e-01	3.908939136938661130e-01
7.659666997243278486e-01	3.922537627866670706e-01
7.656537787659417615e-01	3.936143503502919083e-01
7.653399414605841500e-01	3.949756815655560138e-01
7.650251879769714991e-01	3.963377615410033084e-01
7.647095182828564930e-01	3.977005953104347236e-01
7.643929321437360480e-01	3.990641878304545531e-01
7.640754291216299565e-01	4.004285439780302380e-01
7.637570085739240344e-01	4.017936685480628101e-01
7.634376696522935379e-01	4.031595662509782074e-01
7.631174113016941929e-01	4.045262417103321906e-01
7.627962322594215028e-01	4.058936994604314119e-01
7.624741310542457740e-01	4.072619439439741917e-01
7.621511060056145315e-01	4.086309795097081699e-01
7.618271552229253230e-01	4.100008104101071083e-01
7.615022766048711311e-01	4.113714407990684552e-01
7.611764678388499572e-01	4.127428747296287836e-01
7.608497264004493443e-01	4.141151161517024337e-01
7.605220495529971814e-01	4.154881689098410269e-01
7.601934343471820066e-01	4.168620367410150185e-01
7.598638776207387036e-01	4.182367232724171213e-01
7.595333759982056954e-01	4.196122320192905986e-01
7.592019258907489743e-01	4.209885663827815927e-01
7.588695234960516345e-01	4.223657296478148804e-01
7.585361647982687971e-01	4.237437249809946072e-01
7.582018455680525904e-01	4.251225554285325559e-01
7.578665613626409669e-01	4.265022239142015614e-01
7.575303075260084729e-01	4.278827332373145720e-01
7.571930791890881807e-01	4.292640860707336858e-01
7.568548712700504666e-01	4.306462849589043351e-01
7.565156784746548402e-01	4.320293323159220544e-01
7.561754952966519561e-01	4.334132304236206767e-01
7.558343160182618981e-01	4.347979814296989987e-01
7.554921347107045326e-01	4.361835873458702051e-01
7.551489452347979192e-01	4.375700500460462661e-01
7.548047412416112323e-01	4.389573712645491455e-01
7.544595161731851851e-01	4.403455525943576476e-01
7.541132632633072985e-01	4.417345954853827972e-01
7.537659755383453453e-01	4.431245012427753038e-01
7.534176458181469638e-01	4.445152710252694428e-01
7.530682667169861233e-01	4.459069058435541910e-01
7.527178306445755362e-01	4.472994065586820001e-01
7.523663298071351369e-01	4.486927738805123744e-01
7.520137562085075222e-01	4.500870083661823173e-01
7.516601016513414502e-01	4.514821104186205747e-01
7.513053577383221882e-01	4.528780802850918552e-01
7.509495158734551534e-01	4.542749180557749122e-01
7.505925672634090606e-01	4.556726236623808712e-01
7.502345029189053660e-01	4.570711968768035871e-01
7.498753136561602251e-01	4.584706373098061394e-01
7.495149900983850699e-01	4.598709444097490162e-01
7.491535226773240463e-01	4.612721174613458874e-01
7.487909016348562874e-01	4.626741555844676168e-01
7.484271170246359350e-01	4.640770577329730306e-01
7.480621587137853412e-01	4.654808226935858717e-01
7.476960163846343432e-01	4.668854490848031169e-01
7.473286795365065016e-01	4.682909353558453724e-01
7.469601374875516342e-01	4.696972797856441284e-01
7.465903793766257568e-01	4.711044804818692033e-01
7.462193941652083273e-01	4.725125353799908834e-01
7.458471706393698941e-01	4.739214422423844164e-01
7.454736974117849302e-01	4.753311986574759174e-01
7.450989629237740886e-01	4.767418020389195821e-01
7.447229554474049662e-01	4.781532496248240838e-01
7.443456630876168489e-01	4.795655384770093344e-01
7.439670737843985249e-01	4.809786654803112627e-01
7.435871753149950747e-01	4.823926273419192889e-01
7.432059552961591820e-01	4.838074205907590963e-01
7.428234011864415232e-01	4.852230415769155369e-01
7.424395002885009198e-01	4.866394864710861246e-01
7.420542397514807709e-01	4.880567512640930916e-01
7.416676065733858181e-01	4.894748317664150972e-01
7.412795876035203069e-01	4.908937236077752786e-01
7.408901695449437996e-01	4.923134222367618884e-01
7.404993389569662909e-01	4.937339229204916191e-01
7.401070822576701902e-01	4.951552207443119524e-01
7.397133857264693857e-01	4.965773106115476399e-01
7.393182355066872935e-01	4.980001872432807675e-01
7.389216176081819798e-01	4.994238451781834454e-01
7.385235179099778335e-01	5.008482787723758101e-01
7.381239221629415370e-01	5.022734821993372067e-01
7.377228159924743567e-01	5.036994494498496788e-01
7.373201849012358533e-01	5.051261743319865882e-01
7.369160142718960138e-01	5.065536504711439791e-01
7.365102893698945996e-01	5.079818713101004191e-01
7.361029953462441267e-01	5.094108301091314628e-01
7.356941172403449469e-01	5.108405199461572010e-01
7.352836399828193148e-01	5.122709337169278898e-01
7.348715483983743191e-01	5.137020641352554318e-01
7.344578272086768056e-01	5.151339037332793858e-01
7.340424610352556112e-01	5.165664448617787174e-01
7.336254344024104590e-01	5.179996796905143031e-01
7.332067317401480544e-01	5.194336002086182846e-01
7.327863373871371655e-01	5.208681982250255027e-01
7.323642355936635928e-01	5.223034653689304641e-01
7.319404105246155590e-01	5.237393930902978223e-01
7.315148462624809778e-01	5.251759726604064982e-01
7.310875268103476099e-01	5.266131951724277727e-01
7.306584360949255341e-01	5.280510515420476780e-01
7.302275579695822749e-01	5.294895325081288018e-01
7.297948762173807058e-01	5.309286286334041760e-01
7.293603745541303862e-01	5.323683303052120230e-01
7.289240366314506669e-01	5.338086277362689147e-01
7.284858460398382363e-01	5.352495109654784589e-01
7.280457863117473227e-01	5.366909698587805089e-01
7.276038409246722294e-01	5.381329941100335690e-01
7.271599933042289798e-01	5.395755732419297290e-01
7.267142268272671624e-01	5.410186966069635561e-01
7.262665248249485783e-01	5.424623533884086468e-01
7.258168705858656367e-01	5.439065326013590163e-01
7.253652473591410965e-01	5.453512230937872518e-01
7.249116383575311406e-01	5.467964135476401921e-01
7.244560267605434367e-01	5.482420924799802364e-01
7.239983957175365470e-01	5.496882482441454165e-01
7.235387283508318834e-01	5.511348690309536558e-01
7.230770077588293265e-01	5.525819428699457747e-01
7.226132170190971982e-01	5.540294576306413754e-01
7.221473391914923212e-01	5.554774010238555659e-01
7.216793573212435531e-01	5.569257606030203478e-01
7.212092544420636298e-01	5.583745237655652893e-01
7.207370135792326993e-01	5.598236777543109666e-01
7.202626177526791906e-01	5.612732096588963771e-01
7.197860499800677880e-01	5.627231064172484309e-01
7.193072932798680874e-01	5.641733548170720924e-01
7.188263306744170356e-01	5.656239414973724955e-01
7.183431451929823686e-01	5.670748529500138080e-01
7.178577198748044008e-01	5.685260755212989681e-01
7.173700377721313748e-01	5.699775954135798406e-01
7.168800819532570312e-01	5.714293986869074526e-01
7.163878355055252056e-01	5.728814712606924431e-01
7.158932815383397541e-01	5.743337989154065903e-01
7.153964031861583805e-01	5.757863672943108746e-01
7.148971836114645928e-01	5.772391619052005263e-01
7.143956060077436554e-01	5.786921681221945946e-01
7.138916536024237924e-01	5.801453711875312891e-01
7.133853096598132826e-01	5.815987562134006250e-01
7.128765574840218999e-01	5.830523081838016042e-01
7.123653804218711416e-01	5.845060119564270407e-01
7.118517618657697055e-01	5.859598522645599328e-01
7.113356852565894117e-01	5.874138137190061393e-01
7.108171340865160337e-01	5.888678808100469286e-01
7.102960919018789232e-01	5.903220379094100689e-01
7.097725423059717542e-01	5.917762692722728923e-01
7.092464689618346307e-01	5.932305590392715766e-01
7.087178555950400805e-01	5.946848912385509500e-01
7.081866859964337513e-01	5.961392497878160723e-01
7.076529440248676694e-01	5.975936184964150133e-01
7.071166136099195088e-01	5.990479810674479433e-01
7.065776787545601234e-01	6.005023210998713390e-01
7.060361235378334044e-01	6.019566220906509280e-01
7.054919321174816238e-01	6.034108674369056402e-01
7.049450887325733328e-01	6.048650404380936374e-01
7.043955777060783019e-01	6.063191242981887941e-01
7.038433834474497885e-01	6.077731021279040302e-01
7.032884904551512939e-01	6.092269569469033197e-01
7.027308833191759918e-01	6.106806716860461171e-01
7.021705467235284104e-01	6.121342291896360033e-01
7.016074654486872397e-01	6.135876122176926462e-01
7.010416243740388298e-01	6.150408034482338637e-01
7.004730084802829326e-01	6.164937854795722316e-01
6.999016028518005861e-01	6.179465408326162423e-01
6.993273926790055661e-01	6.193990519531934469e-01
6.987503632606693049e-01	6.208513012143883625e-01
6.981705000061954047e-01	6.223032709188730527e-01
6.975877884378866023e-01	6.237549433012674616e-01
6.970022141931720983e-01	6.252063005305009691e-01
6.964137630268025791e-01	6.266573247121839385e-01
6.958224208130190380e-01	6.281079978909899220e-01
6.952281735476742996e-01	6.295583020530336471e-01
6.946310073503590976e-01	6.310082191282877506e-01
6.940309084664545436e-01	6.324577309929714231e-01
6.934278632691663891e-01	6.339068194719562621e-01
6.928218582615455201e-01	6.353554663411959957e-01
6.922128800784503877e-01	6.368036533301399960e-01
6.916009154884824595e-01	6.382513621241551194e-01
6.909859513958954702e-01	6.396985743669610924e-01
6.903679748424674800e-01	6.411452716630653414e-01
6.897469730093281903e-01	6.425914355801906064e-01
6.891229332187698287e-01	6.440370476517233156e-01
6.884958429360074073e-01	6.454820893791483050e-01
6.878656897709102269e-01	6.469265422344906424e-01
6.872324614797020725e-01	6.483703876627614493e-01
6.865961459666183320e-01	6.498136070843991696e-01
6.859567312855230359e-01	6.512561818977034012e-01
6.853142056415233441e-01	6.526980934813007007e-01
6.846685573924875534e-01	6.541393231965518806e-01
6.840197750505724317e-01	6.555798523900007169e-01
6.833678472837311224e-01	6.570196623958348692e-01
6.827127629171075851e-01	6.584587345382724166e-01
6.820545109344741119e-01	6.598970501340195582e-01
6.813930804795904628e-01	6.613345904946842380e-01
6.807284608575444596e-01	6.627713369292040912e-01
6.800606415360246348e-01	6.642072707462378656e-01
6.793896121465949900e-01	6.656423732565907025e-01
6.787153624859026957e-01	6.670766257756014506e-01
6.780378825168791312e-01	6.685100096255566227e-01
6.773571623698515509e-01	6.699425061380435142e-01
6.766731923436724028e-01	6.713740966563505053e-01
6.759859629067754838e-01	6.728047625378233976e-01
6.752954646982182174e-01	6.742344851562370733e-01
6.746016885286494347e-01	6.756632459041208572e-01
6.739046253812864817e-01	6.770910261951195164e-01
6.732042664128072840e-01	6.785178074662994163e-01
6.725006029542577313e-01	6.799435711804920901e-01
6.717936265118548134e-01	6.813682988285648667e-01
6.710833287678086290e-01	6.827919719317324665e-01
6.703697015810784476e-01	6.842145720438298495e-01
6.696527369880870273e-01	6.856360807535657464e-01
6.689324272034239405e-01	6.870564796867925095e-01
6.682087646204865061e-01	6.884757505087351070e-01
6.674817418120736479e-01	6.898938749261955827e-01
6.667513515309656524e-01	6.913108346897673950e-01
6.660175867104656255e-01	6.927266115960334369e-01
6.652804404648758885e-01	6.941411874897193135e-01
6.645399060899760402e-01	6.955545442658709332e-01
6.637959770634161982e-01	6.969666638719647089e-01
6.630486470451216752e-01	6.983775283100523978e-01
6.622979098776032858e-01	6.997871196388282256e-01
6.615437595863057352e-01	7.011954199757548523e-01
6.607861903798356584e-01	7.026024114990849778e-01
6.600251966502111989e-01	7.040080764499224708e-01
6.592607729730542987e-01	7.054123971342456390e-01
6.584929141077295878e-01	7.068153559248891993e-01
6.577216149974932646e-01	7.082169352635562243e-01
6.569468707695352849e-01	7.096171176627349420e-01
6.561686767350571881e-01	7.110158857076677164e-01
6.553870283892705428e-01	7.124132220582565234e-01
6.546019214113538709e-01	7.138091094509343426e-01
6.538133516644137888e-01	7.152035307005610854e-01
6.530213151953412343e-01	7.165964687022192692e-01
6.522258082347324182e-01	7.179879064330937366e-01
6.514268271966872081e-01	7.193778269542346893e-01
6.506243686785845304e-01	7.207662134123080655e-01
6.498184294608594369e-01	7.221530490413579084e-01
6.490090065067335434e-01	7.235383171645363154e-01
6.481960969618891788e-01	7.249220011957783205e-01
6.473796981541088957e-01	7.263040846414525742e-01
6.465598075929372968e-01	7.276845511020458845e-01
6.457364229692186264e-01	7.290633842737234138e-01
6.449095421546598983e-01	7.304405679499241799e-01
6.440791632013868062e-01	7.318160860229592224e-01
6.432452843413648536e-01	7.331899224854682151e-01
6.424079039859016405e-01	7.345620614319755548e-01
6.415670207250399049e-01	7.359324870603290991e-01
6.407226333269555596e-01	7.373011836731562241e-01
6.398747407372996632e-01	7.386681356792579312e-01
6.390233420785309537e-01	7.400333275950027323e-01
6.381684366492126337e-01	7.413967440456827873e-01
6.373100239232649677e-01	7.427583697668269647e-01
6.364481035491863503e-01	7.441181896054797074e-01
6.355826753492656023e-01	7.454761885214753470e-01
6.347137393187516352e-01	7.468323515886680086e-01
6.338412956249720454e-01	7.481866639961018972e-01
6.329653446064862354e-01	7.495391110492284348e-01
6.320858867721182994e-01	7.508896781709811785e-01
6.312029228000386460e-01	7.522383509029115789e-01
6.303164535367756782e-01	7.535851149062431364e-01
6.294264799962226986e-01	7.549299559629194523e-01
6.285330033585962983e-01	7.562728599765948800e-01
6.276360249693900828e-01	7.576138129736198490e-01
6.267355463382714431e-01	7.589528011039560207e-01
6.258315691379866541e-01	7.602898106420996616e-01
6.249240952032159013e-01	7.616248279879431760e-01
6.240131265294269758e-01	7.629578396676310881e-01
6.230986652716506979e-01	7.642888323343196566e-01
6.221807137433043033e-01	7.656177927689892249e-01
6.212592744149373347e-01	7.669447078811573171e-01
6.203343499129803096e-01	7.682695647095922897e-01
6.194059430184638559e-01	7.695923504229827961e-01
6.184740566656675709e-01	7.709130523205161012e-01
6.175386939408719078e-01	7.722316578325766345e-01
6.165998580809363139e-01	7.735481545212207211e-01
6.156575524719357650e-01	7.748625300807180372e-01
6.147117806478258339e-01	7.761747723381199338e-01
6.137625462889468864e-01	7.774848692536164840e-01
6.128098532206287530e-01	7.787928089210114369e-01
6.118537054117586527e-01	7.800985795681391055e-01
6.108941069732346518e-01	7.814021695571293780e-01
6.099310621565500190e-01	7.827035673848244945e-01
6.089645753522431315e-01	7.840027616830135271e-01
6.079946510883599275e-01	7.852997412186736303e-01
6.070212940289371195e-01	7.865944948942212855e-01
6.060445089723957013e-01	7.878870117476378665e-01
6.050643008500047326e-01	7.891772809526710342e-01
6.040806747242528640e-01	7.904652918189017941e-01
6.030936357872550557e-01	7.917510337918439722e-01
6.021031893591016759e-01	7.930344964529528751e-01
6.011093408862491216e-01	7.943156695196710304e-01
6.001120959398249521e-01	7.955945428453473633e-01
5.991114602139965273e-01	7.968711064192209870e-01
5.981074395242571562e-01	7.981453503662816473e-01
5.971000398057436653e-01	7.994172649471494863e-01
5.960892671115544106e-01	8.006868405579421477e-01
5.950751276109489396e-01	8.019540677299603626e-01
5.940576275877283985e-01	8.032189371295983538e-01
5.930367734384232037e-01	8.044814395579763522e-01
5.920125716705352259e-01	8.057415659506235173e-01
5.909850289008036217e-01	8.069993073771727365e-01
5.899541518534634488e-01	8.082546550410260044e-01
5.889199473584094680e-01	8.095076002788667013e-01
5.878824223494421020e-01	8.107581345602618006e-01
5.868415838624527758e-01	8.120062494871591596e-01
5.857974390336634363e-01	8.132519367934354371e-01
5.847499950977604888e-01	8.144951883442730356e-01
5.836992593861616285e-01	8.157359961356999145e-01
5.826452393250938222e-01	8.169743522938387459e-01
5.815879424338546988e-01	8.182102490743873302e-01
5.805273763229377160e-01	8.194436788618854051e-01
5.794635486922536938e-01	8.206746341690867030e-01
5.783964673292113501e-01	8.219031076361075216e-01
5.773261401069497145e-01	8.231290920297643643e-01
5.762525749824461974e-01	8.243525802427033033e-01
5.751757799947300187e-01	8.255735652926564638e-01
5.740957632629681839e-01	8.267920403214843450e-01
5.730125329847161053e-01	8.280079985944275300e-01
5.719260974339436254e-01	8.292214334990044566e-01
5.708364649592787554e-01	8.304323385441942929e-01
5.697436439821575993e-01	8.316407073594540567e-01
5.686476429949578471e-01	8.328465336936822228e-01
5.675484705591355983e-01	8.340498114141542407e-01
5.664461353034268010e-01	8.352505345055224462e-01
5.653406459220051694e-01	8.364486970687214917e-01
5.642320111725965814e-01	8.376442933197745244e-01
5.631202398746936177e-01	8.388373175887195998e-01
5.620053409077128137e-01	8.400277643184126397e-01
5.608873232092027594e-01	8.412156280633780181e-01
5.597661957729566096e-01	8.424009034884799574e-01
5.586419676472496043e-01	8.435835853677494667e-01
5.575146479330399529e-01	8.447636685831183545e-01
5.563842457821047693e-01	8.459411481230251217e-01
5.552507703953258877e-01	8.471160190812099255e-01
5.541142310208538868e-01	8.482882766552904963e-01
5.529746369523447225e-01	8.494579161454138827e-01
5.518319975271622768e-01	8.506249329528178249e-01
5.506863221246589557e-01	8.517893225784788358e-01
5.495376201644048830e-01	8.529510806216419327e-01
5.483859011044029952e-01	8.541102027782950801e-01
5.472311744394610100e-01	8.552666848398463584e-01
5.460734496993188136e-01	8.564205226913875757e-01
5.449127364470829349e-01	8.575717123103943074e-01
5.437490442774050026e-01	8.587202497649935040e-01
5.425823828148950145e-01	8.598661312125559508e-01
5.414127617123783986e-01	8.610093528980100608e-01
5.402401906492357853e-01	8.621499111522450409e-01
5.390646793297820816e-01	8.632878023905361520e-01
5.378862374815971403e-01	8.644230231108591678e-01
5.367048748539318126e-01	8.655555698922798857e-01
5.355206012160781404e-01	8.666854393932549305e-01
5.343334263557316666e-01	8.678126283498699411e-01
5.331433600775500325e-01	8.689371335743671931e-01
5.319504122013855030e-01	8.700589519530949056e-01
5.307545925609463700e-01	8.711780804451206839e-01
5.295559110020870985e-01	8.722945160801957032e-01
5.283543773814072253e-01	8.734082559571870741e-01
5.271500015646896076e-01	8.745192972422022315e-01
5.259427934254531367e-01	8.756276371668650915e-01
5.247327628434780289e-01	8.767332730265070539e-01
5.235199197033294505e-01	8.778362021783094882e-01
5.223042738929628559e-01	8.789364220395479155e-01
5.210858353023302136e-01	8.800339300857927816e-01
5.198646138219451540e-01	8.811287238490043139e-01
5.186406193415176169e-01	8.822208009156978781e-01
5.174138617486404579e-01	8.833101589251647345e-01
5.161843509274082198e-01	8.843967955675268167e-01
5.149520967571391550e-01	8.854807085819371704e-01
5.137171091110621646e-01	8.865618957546684831e-01
5.124793978550488127e-01	8.876403549172490193e-01
5.112389728464064031e-01	8.887160839446535121e-01
5.099958439325638082e-01	8.897890807532737867e-01
5.087500209499505877e-01	8.908593432991827044e-01
5.075015137227338879e-01	8.919268695761062293e-01
5.062503320617361968e-01	8.929916576136764927e-01
5.049964857632388560e-01	8.940537054754388313e-01
5.037399846078712828e-01	8.951130112569736230e-01
5.024808383595291694e-01	8.961695730840233409e-01
5.012190567642896832e-01	8.972233891105809711e-01
4.999546495493836229e-01	8.982744575170311663e-01
4.986876264221469235e-01	8.993227765082246750e-01
4.974179970690250641e-01	9.003683443115959584e-01
4.961457711546009008e-01	9.014111591752949071e-01
4.948709583206349349e-01	9.024512193662909132e-01
4.935935681851278400e-01	9.034885231684850471e-01
4.923136103414694764e-01	9.045230688809390296e-01
4.910310943574564546e-01	9.055548548158209865e-01
4.897460297745114821e-01	9.065838792966881554e-01
4.884584261068755651e-01	9.076101406566757790e-01
4.871682928407032320e-01	9.086336372364735015e-01
4.858756394333705875e-01	9.096543673826523735e-01
4.845804753126725095e-01	9.106723294457544915e-01
4.832828098761447477e-01	9.116875217785715968e-01
4.819826524902834919e-01	9.126999427342008531e-01
4.806800124899253124e-01	9.137095906643588616e-01
4.793748991775815815e-01	9.147164639175789924e-01
4.780673218227636245e-01	9.157205608373497618e-01
4.767572896614872824e-01	9.167218797605615199e-01
4.754448118955575953e-01	9.177204190154997221e-01
4.741298976921701769e-01	9.187161769204028605e-01
4.728125561832234314e-01	9.197091517814388606e-01
4.714927964650163505e-01	9.206993418913820282e-01
4.701706275975285898e-01	9.216867455274552201e-01
4.688460586042676459e-01	9.226713609502329438e-01
4.675190984715518749e-01	9.236531864014198012e-01
4.661897561483634433e-01	9.246322201027012966e-01
4.648580405458296316e-01	9.256084602538443562e-01
4.635239605369410043e-01	9.265819050312223970e-01
4.621875249562406585e-01	9.275525525862585718e-01
4.608487425994636788e-01	9.285204010437393407e-01
4.595076222234129593e-01	9.294854485005641376e-01
4.581641725455598557e-01	9.304476930239217181e-01
4.568184022439985004e-01	9.314071326501428549e-01
4.554703199571279448e-01	9.323637653829800476e-01
4.541199342834599806e-01	9.333175891921055012e-01
4.527672537817193366e-01	9.342686020121887536e-01
4.514122869704847996e-01	9.352168017409995260e-01
4.500550423282332901e-01	9.361621862383189274e-01
4.486955282932165723e-01	9.371047533244708516e-01
4.473337532634892311e-01	9.380445007791528012e-01
4.459697255968826934e-01	9.389814263401203842e-01
4.446034536110012869e-01	9.399155277019006771e-01
4.432349455833113350e-01	9.408468025146782265e-01
4.418642097511130129e-01	9.417752483829037180e-01
4.404912543117765478e-01	9.427008628644512056e-01
4.391160874227225119e-01	9.436236434692021335e-01
4.377387172016132810e-01	9.445435876580655643e-01
4.363591517265760222e-01	9.454606928420414835e-01
4.349773990362870713e-01	9.463749563809742416e-01
4.335934671302779653e-01	9.472863755827587440e-01
4.322073639690801050e-01	9.481949477021883732e-01
4.308190974745733648e-01	9.491006699402210200e-01
4.294286755301504055e-01	9.500035394428363311e-01
4.280361059812329838e-01	9.509035533006441332e-01
4.266413966353199139e-01	9.518007085474521345e-01
4.252445552625455094e-01	9.526950021599472906e-01
4.238455895959482578e-01	9.535864310567192526e-01
4.224445073319333943e-01	9.544749920977134705e-01
4.210413161305834318e-01	9.553606820833221436e-01
4.196360236162245960e-01	9.562434977540534842e-01
4.182286373778037469e-01	9.571234357897556722e-01
4.168191649693196443e-01	9.580004928089629335e-01
4.154076139104155851e-01	9.588746653685942256e-01
4.139939916868448089e-01	9.597459499633679281e-01
4.125783057509956331e-01	9.606143430253356597e-01
4.111605635224870881e-01	9.614798409235886245e-01
4.097407723886748454e-01	9.623424399637411364e-01
4.083189397053548220e-01	9.632021363878813247e-01
4.068950727972124870e-01	9.640589263739266501e-01
4.054691789586244433e-01	9.649128060357993197e-01
4.040412654541437054e-01	9.657637714228682890e-01
4.026113395192424393e-01	9.666118185199917834e-01
4.011794083610678019e-01	9.674569432476082254e-01
3.997454791588900269e-01	9.682991414610842007e-01
3.983095590651349327e-01	9.691384089514791800e-01
3.968716552058252911e-01	9.699747414448883776e-01
3.954317746815004808e-01	9.708081346029548975e-01
3.939899245678425421e-01	9.716385840226693382e-01
3.925461119165999935e-01	9.724660852369204633e-01
3.911003437562109442e-01	9.732906337143070186e-01
3.896526270926539692e-01	9.741122248595283084e-01
3.882029689103642101e-01	9.749308540139559609e-01
3.867513761728181843e-01	9.757465164553840165e-01
3.852978558236152540e-01	9.765592073990493338e-01
3.838424147871065117e-01	9.773689219975214559e-01
3.823850599694592622e-01	9.781756553417220168e-01
3.809257982593012293e-01	9.789794024608868828e-01
3.794646365287779877e-01	9.797801583236118717e-01
3.780015816342957025e-01	9.805779178381056616e-01
3.765366404175644610e-01	9.813726758532499428e-01
3.750698197063100925e-01	9.821644271588174657e-01
3.736011263153151685e-01	9.829531664865772678e-01
3.721305670473041283e-01	9.837388885110152081e-01
3.706581486938902992e-01	9.845215878502522333e-01
3.691838780364136152e-01	9.853012590667005188e-01
3.677077618469505871e-01	9.860778966682017810e-01
3.662298068892388403e-01	9.868514951089807363e-01
3.647500199196283543e-01	9.876220487906930412e-01
3.632684076879920676e-01	9.883895520634100595e-01
3.617849769386937697e-01	9.891539992267813775e-01
3.602997344115864142e-01	9.899153845313307665e-01
3.588126868428844762e-01	9.906737021794356224e-01
3.573238409661799730e-01	9.914289463267492719e-01
3.558332035133530691e-01	9.921811110833643754e-01
3.543407812156714187e-01	9.929301905155557550e-01
3.528465808045182506e-01	9.936761786465203583e-01
3.513506090125015358e-01	9.944190694582325518e-01
3.498528725744891599e-01	9.951588568931434287e-01
3.483533782283266822e-01	9.958955348550246889e-01
3.468521327160333789e-01	9.966290972112228363e-01
3.453491427845514772e-01	9.973595377936856909e-01
3.438444151869041177e-01	9.980868504012174736e-01
3.423379566829284348e-01	9.988110288005596082e-01
3.408297740403921638e-01	9.995320667286385907e-01
3.393198740358258081e-01	1.000249957894037811e+00
3.378082634554204766e-01	1.000964695978724617e+00
3.362949490961273380e-01	1.001676274640419750e+00
3.347799377663498999e-01	1.002384687513835582e+00
3.332632362870248111e-01	1.003089928213115822e+00
3.317448514924061231e-01	1.003791990333460227e+00
3.302247902310746497e-01	1.004490867453488034e+00
3.287030593666980249e-01	1.005186553136910188e+00
3.271796657789997620e-01	1.005879040934906099e+00
3.256546163645608893e-01	1.006568324388049218e+00
3.241279180376783753e-01	1.007254397028485737e+00
3.225995777313460100e-01	1.007937252382550497e+00
3.210696023978010238e-01	1.008616883972121014e+00
3.195379990095769118e-01	1.009293285317597544e+00
3.180047745602754827e-01	1.009966449940105537e+00
3.164699360652261650e-01	1.010636371363393682e+00
3.149334905624077141e-01	1.011303043116653644e+00
3.133954451131175101e-01	1.011966458736601293e+00
3.118558068028074448e-01	1.012626611770180318e+00
3.103145827417156943e-01	1.013283495776684084e+00
3.087717800655820355e-01	1.013937104330216998e+00
3.072274059364328846e-01	1.014587431022478725e+00
3.056814675431768769e-01	1.015234469465000622e+00
3.041339721023552101e-01	1.015878213291984800e+00
3.025849268586103258e-01	1.016518656162279211e+00
3.010343390855270695e-01	1.017155791762692996e+00
2.994822160861075333e-01	1.017789613810162752e+00
2.979285651933208379e-01	1.018420116054263413e+00
2.963733937707606625e-01	1.019047292280159667e+00
2.948167092131512290e-01	1.019671136311148585e+00
2.932585189468507325e-01	1.020291642011265987e+00
2.916988304302834401e-01	1.020908803287743583e+00
2.901376511546599479e-01	1.021522614094560355e+00
2.885749886440234224e-01	1.022133068433725533e+00
2.870108504561547647e-01	1.022740160359677075e+00
2.854452441825122144e-01	1.023343883980355695e+00
2.838781774489291254e-01	1.023944233461068887e+00
2.823096579158791974e-01	1.024541203026902325e+00
2.807396932788112642e-01	1.025134786965487876e+00
2.791682912683196016e-01	1.025724979629246691e+00
2.775954596506329808e-01	1.026311775438907281e+00
2.760212062277220268e-01	1.026895168885711307e+00
2.744455388376342286e-01	1.027475154534568613e+00
2.728684653545502270e-01	1.028051727026257689e+00
2.712899936890636465e-01	1.028624881080562936e+00
2.697101317882889537e-01	1.029194611498869483e+00
2.681288876359301243e-01	1.029760913166692715e+00
2.665462692525024657e-01	1.030323781056903254e+00
2.649622846951957822e-01	1.030883210231662739e+00
2.633769420580500675e-01	1.031439195845665679e+00
2.617902494718947204e-01	1.031991733148556412e+00
2.602022151043111298e-01	1.032540817487542117e+00
2.586128471595582901e-01	1.033086444309939678e+00
2.570221538786222060e-01	1.033628609166329593e+00
2.554301435388857677e-01	1.034167307712281714e+00
2.538368244540518126e-01	1.034702535711180094e+00
2.522422049740311034e-01	1.035234289037016975e+00
2.506462934846481194e-01	1.035762563676525527e+00
2.490490984074466563e-01	1.036287355731828397e+00
2.474506281993698042e-01	1.036808661422639499e+00
2.458508913524736217e-01	1.037326477088714949e+00
2.442498963936270140e-01	1.037840799192317975e+00
2.426476518841001462e-01	1.038351624320322353e+00
2.410441664191432520e-01	1.038858949186339142e+00
2.394394486275565892e-01	1.039362770632902278e+00
2.378335071713578996e-01	1.039863085634150641e+00
2.362263507450962086e-01	1.040359891297078399e+00
2.346179880754883651e-01	1.040853184864243275e+00
2.330084279207398079e-01	1.041342963715190084e+00
2.313976790700168207e-01	1.041829225368603895e+00
2.297857503428619441e-01	1.042311967484287338e+00
2.281726505884862921e-01	1.042791187864668734e+00
2.265583886850626727e-01	1.043266884456354626e+00
2.249429735391993979e-01	1.043739055352601142e+00
2.233264140849011703e-01	1.044207698793474970e+00
2.217087192831290465e-01	1.044672813168848302e+00
2.200898981207295435e-01	1.045134397018516292e+00
2.184699596097522956e-01	1.045592449034183691e+00
2.168489127865983190e-01	1.046046968060701854e+00
2.152267667110663585e-01	1.046497953096879430e+00
2.136035304654506362e-01	1.046945403296555721e+00
2.119792131536513691e-01	1.047389317969791289e+00
2.103538239001788157e-01	1.047829696583578274e+00
2.087273718491123031e-01	1.048266538762335331e+00
2.070998661631799354e-01	1.048699844289051386e+00
2.054713160226307178e-01	1.049129613105392878e+00
2.038417306241716020e-01	1.049555845312165614e+00
2.022111191798985630e-01	1.049978541169736435e+00
2.005794909161521533e-01	1.050397701098094272e+00
1.989468550724434737e-01	1.050813325677257382e+00
1.973132209001036974e-01	1.051225415646238170e+00
1.956785976613322209e-01	1.051633971904070153e+00
1.940429946278218465e-01	1.052038995508605579e+00
1.924064210795747576e-01	1.052440487676266301e+00
1.907688863037189375e-01	1.052838449781788421e+00
1.891303995930850579e-01	1.053232883356610028e+00
1.874909702451198479e-01	1.053623790089043499e+00
1.858506075604127727e-01	1.054011171822274218e+00
1.842093208414537775e-01	1.054395030553541446e+00
1.825671193913447066e-01	1.054775368433024330e+00
1.809240125122754395e-01	1.055152187761257965e+00
1.792800095044666531e-01	1.055525490989170700e+00
1.776351196645499786e-01	1.055895280714746365e+00
1.759893522841605440e-01	1.056261559680786055e+00
1.743427166488436542e-01	1.056624330774412535e+00
1.726952220363437429e-01	1.056983597022784771e+00
1.710468777153040798e-01	1.057339361591064009e+00
1.693976929440097756e-01	1.057691627780542376e+00
1.677476769687255287e-01	1.058040399024093636e+00
1.660968390224559221e-01	1.058385678884019132e+00
1.644451883234726020e-01	1.058727471048276358e+00
1.627927340739547812e-01	1.059065779327183154e+00
1.611394854584876080e-01	1.059400607648998793e+00
1.594854516426953972e-01	1.059731960056089939e+00
1.578306417719378407e-01	1.060059840701297107e+00
1.561750649697560278e-01	1.060384253842336033e+00
1.545187303366306608e-01	1.060705203837997823e+00
1.528616469485103435e-01	1.061022695142473049e+00
1.512038238555114822e-01	1.061336732300523389e+00
1.495452700805558477e-01	1.061647319941856127e+00
1.478859946180811347e-01	1.061954462775654084e+00
1.462260064327589593e-01	1.062258165584777814e+00
1.445653144580206217e-01	1.062558433218133258e+00
1.429039275950703125e-01	1.062855270586146039e+00
1.412418547114898948e-01	1.063148682652811150e+00
1.395791046400221003e-01	1.063438674428555109e+00
1.379156861774895326e-01	1.063725250963591495e+00
1.362516080835913801e-01	1.064008417339859847e+00
1.345868790798252501e-01	1.064288178663320039e+00
1.329215078483815538e-01	1.064564540055471076e+00
1.312555030310790793e-01	1.064837506644526588e+00
1.295888732285656875e-01	1.065107083558107570e+00
1.279216269991342025e-01	1.065373275912135931e+00
1.262537728580453156e-01	1.065636088803132431e+00
1.245853192764496964e-01	1.065895527296473189e+00
1.229162746809059348e-01	1.066151596418827285e+00
1.212466474523585386e-01	1.066404301145254641e+00
1.195764459256891676e-01	1.066653646390298027e+00
1.179056783889391030e-01	1.066899636995376932e+00
1.162343530829558769e-01	1.067142277718952759e+00
1.145624782006906400e-01	1.067381573222614843e+00
1.128900618870249117e-01	1.067617528060899712e+00
1.112171122383032590e-01	1.067850146667405964e+00
1.095436373022183468e-01	1.068079433343039675e+00
1.078696450774586924e-01	1.068305392240852081e+00
1.061951435138477062e-01	1.068528027354354037e+00
1.045201405122564986e-01	1.068747342502424535e+00
1.028446439247071992e-01	1.068963341314725479e+00
1.011686615546494722e-01	1.069176027217478619e+00
9.949220115717252733e-02	1.069385403417156821e+00
9.781527043947950417e-02	1.069591472885329075e+00
9.613787706145802969e-02	1.069794238343040549e+00
9.446002863623864654e-02	1.069993702243356104e+00
9.278173273094954265e-02	1.070189866754325037e+00
9.110299686776660022e-02	1.070382733743496573e+00
8.942382852460449560e-02	1.070572304756451709e+00
8.774423513651176398e-02	1.070758581001421073e+00
8.606422409688874176e-02	1.070941563329958379e+00
8.438380275881243731e-02	1.071121252216628683e+00
8.270297843664278781e-02	1.071297647739908987e+00
8.102175840774654414e-02	1.071470749562277724e+00
7.934014991427615349e-02	1.071640556908501019e+00
7.765816016530237287e-02	1.071807068546040353e+00
7.597579633887245609e-02	1.071970282761769866e+00
7.429306558442141939e-02	1.072130197340696700e+00
7.260997502526286840e-02	1.072286809542855490e+00
7.092653176131022419e-02	1.072440116080473516e+00
6.924274287190479438e-02	1.072590113093412123e+00
6.755861541891973465e-02	1.072736796125401071e+00
6.587415645006104714e-02	1.072880160099790370e+00
6.418937300226840170e-02	1.073020199293211352e+00
6.250427210541124878e-02	1.073156907310067076e+00
6.081886078616276226e-02	1.073290277055894970e+00
5.913314607211240387e-02	1.073420300710585140e+00
5.744713499605507562e-02	1.073546969700134301e+00
5.576083460063176872e-02	1.073670274670128766e+00
5.407425194295972098e-02	1.073790205454001612e+00
5.238739409978647454e-02	1.073906751045986319e+00
5.070026817277258763e-02	1.074019899571334591e+00
4.901288129390123788e-02	1.074129638253257246e+00
4.732524063141429344e-02	1.074235953384668374e+00
4.563735339575877153e-02	1.074338830294004232e+00
4.394922684598605300e-02	1.074438253314151881e+00
4.226086829634539965e-02	1.074534205748937321e+00
4.057228512315621399e-02	1.074626669838629089e+00
3.888348477207689141e-02	1.074715626727345885e+00
3.719447476551481641e-02	1.074801056425759738e+00
3.550526271047563243e-02	1.074882937776322045e+00
3.381585630672451909e-02	1.074961248418087711e+00
3.212626335513867060e-02	1.075035964746686279e+00
3.043649176661275546e-02	1.075107061880588466e+00
2.874654957103479208e-02	1.075174513617924044e+00
2.705644492685744043e-02	1.075238292400872320e+00
2.536618613088521129e-02	1.075298369274734211e+00
2.367578162842425699e-02	1.075354713846028876e+00
2.198524002387713255e-02	1.075407294242739065e+00
2.029457009167308715e-02	1.075456077072460825e+00
1.860378078754240314e-02	1.075501027377463226e+00
1.691288126026597657e-02	1.075542108592657753e+00
1.522188086380105859e-02	1.075579282502145961e+00
1.353078916975472036e-02	1.075612509190214894e+00
1.183961598041403940e-02	1.075641747000881221e+00
1.014837134206675838e-02	1.075666952486879380e+00
8.457065558847898235e-03	1.075688080364189503e+00
6.765709206996897880e-03	1.075705083462159095e+00
5.074313149604252164e-03	1.075717912677203847e+00
3.382888551786832499e-03	1.075726516920688658e+00
1.691446896358989082e-03	1.075730843067471909e+00
6.586951624692430458e-17	1.075730835907712013e+00
