0 1
0.03125 0.999504

0.03125 0.999504
0.0625 0.998016

0.0625 0.998016
0.09375 0.995536

0.09375 0.995536
0.125 0.992063

0.125 0.992063
0.15625 0.987599

0.15625 0.987599
0.1875 0.982143

0.1875 0.982143
0.21875 0.975694

0.25 0.968243
0.247894 0.96875

0.21875 0.97573
0.247766 0.96875

0.25 0.968211
0.28125 0.959555

0.28125 0.959529
0.3125 0.949795

0.375 0.926958
0.347694 0.9375

0.3125 0.949833
0.34375 0.938999

0.34375 0.939055
0.347778 0.9375

0.5 0.865985
0.483735 0.875

0.375 0.92692
0.40625 0.913652

0.4375 0.899182
0.422327 0.90625

0.40625 0.913731
0.422311 0.90625

0.4375 0.899127
0.46875 0.88322

0.46875 0.883302
0.483729 0.875

1 0
1 5.55112e-17

0.999504 0.03125
0.998016 0.0625

0.998016 0.0625
0.995536 0.09375

0.995536 0.09375
0.992063 0.125

0.992063 0.125
0.987599 0.15625

0.987599 0.15625
0.982143 0.1875

0.96875 0.247894
0.968243 0.25

0.982143 0.1875
0.975694 0.21875

0.96875 0.247766
0.97573 0.21875

0.875 0.483735
0.865985 0.5

0.9375 0.347694
0.926958 0.375

0.968211 0.25
0.959555 0.28125

0.959529 0.28125
0.949795 0.3125

0.949833 0.3125
0.938999 0.34375

0.9375 0.347778
0.939055 0.34375

0.90625 0.422327
0.899182 0.4375

0.92692 0.375
0.913652 0.40625

0.90625 0.422311
0.913731 0.40625

0.899127 0.4375
0.88322 0.46875

0.875 0.483729
0.883302 0.46875

0.6875 0.726141
0.661253 0.75

0.75 0.661253
0.726141 0.6875

0.71875 0.695139
0.695139 0.71875

0.6875 0.726063
0.695139 0.71875

0.71875 0.695139
0.726063 0.6875

0.5 0.865955
0.53125 0.847113

0.5625 0.82674
0.536471 0.84375

0.53125 0.847145
0.536629 0.84375

0.59375 0.804646
0.582614 0.8125

0.625 0.780614
0.624196 0.78125

0.59375 0.804621
0.624085 0.78125

0.5625 0.826769
0.582602 0.8125

0.625 0.780599
0.65625 0.754478

0.65625 0.754463
0.661339 0.75

0.78125 0.624196
0.780614 0.625

0.8125 0.582614
0.804646 0.59375

0.78125 0.624085
0.804621 0.59375

0.84375 0.536471
0.82674 0.5625

0.865955 0.5
0.847113 0.53125

0.84375 0.536629
0.847145 0.53125

0.8125 0.582602
0.826769 0.5625

0.780599 0.625
0.754478 0.65625

0.75 0.661339
0.754463 0.65625

