0.34375 0.998211
0.339796 1

0.34375 0.998328
0.375 0.982447

0.40625 0.964703
0.399132 0.96875

0.375 0.982493
0.399169 0.96875

0.40625 0.964771
0.4375 0.944926

0.46875 0.922809
0.448032 0.9375

0.5 0.898197
0.489954 0.90625

0.46875 0.922809
0.489788 0.90625

0.4375 0.944931
0.448294 0.9375

0.75 0.459399
0.747529 0.46875

0.747444 0.46875
0.738587 0.5

0.810422 0
0.810141 0.03125

0.810139 0.03125
0.809302 0.0625

0.809295 0.0625
0.807918 0.09375

0.807924 0.09375
0.806007 0.125

0.806008 0.125
0.803539 0.15625

0.803541 0.15625
0.800514 0.1875

0.800515 0.1875
0.796926 0.21875

0.796927 0.21875
0.792773 0.25

0.792776 0.25
0.788054 0.28125

0.788063 0.28125
0.782748 0.3125

0.78125 0.320626
0.776892 0.34375

0.776852 0.34375
0.770403 0.375

0.78125 0.319488
0.782567 0.3125

0.770409 0.375
0.763361 0.40625

0.763364 0.40625
0.755698 0.4375

0.75 0.458825
0.755635 0.4375

0.738587 0.5
0.729088 0.53125

0.729064 0.53125
0.718969 0.5625

0.71875 0.563266
0.708282 0.59375

0.708284 0.59375
0.696826 0.625

0.71875 0.563058
0.718942 0.5625

0.6875 0.647537
0.683938 0.65625

0.684411 0.65625
0.669602 0.6875

0.65625 0.711266
0.652159 0.71875

0.652585 0.71875
0.633098 0.75

0.65625 0.712236
0.669772 0.6875

0.6875 0.648872
0.697258 0.625

0.53125 0.870325
0.526215 0.875

0.5625 0.838957
0.557986 0.84375

0.53125 0.870403
0.558135 0.84375

0.59375 0.803014
0.586054 0.8125

0.625 0.761397
0.610979 0.78125

0.59375 0.803212
0.611161 0.78125

0.5625 0.839033
0.586267 0.8125

0.5 0.898185
0.526197 0.875

0.625 0.762027
0.63327 0.75

0 1.07565
0.03125 1.07505

0.03125 1.07505
0.0625 1.07323

0.0625 1.07323
0.09375 1.07019

0.09375 1.07019
0.125 1.06592

0.15625 1.06024
0.143518 1.0625

0.15625 1.06039
0.1875 1.05356

0.125 1.06601
0.14481 1.0625

0.1875 1.05357
0.21875 1.04541

0.21875 1.04543
0.25 1.03588

0.28125 1.0248
0.262927 1.03125

0.25 1.03603
0.263597 1.03125

0.28125 1.02493
0.3125 1.01241

0.3125 1.01245
0.340009 1

