0.75 0.34072
0.749437 0.34375

0.749424 0.34375
0.746381 0.359375

0.746383 0.359375
0.743203 0.375

0.743204 0.375
0.739882 0.390625

0.739884 0.390625
0.736418 0.40625

0.734375 0.415185
0.732829 0.421875

0.732806 0.421875
0.729055 0.4375

0.734375 0.415008
0.736398 0.40625

0.71875 0.477699
0.71696 0.484375

0.716931 0.484375
0.712596 0.5

0.729056 0.4375
0.725162 0.453125

0.725164 0.453125
0.721123 0.46875

0.71875 0.477507
0.721098 0.46875

0.78125 0.0464666
0.781241 0.046875

0.781241 0.046875
0.780776 0.0625

0.781837 0
0.781771 0.015625

0.781772 0.015625
0.781573 0.03125

0.78125 0.0464639
0.781573 0.03125

0.780776 0.0625
0.780177 0.078125

0.780177 0.078125
0.779445 0.09375

0.779445 0.09375
0.778579 0.109375

0.778579 0.109375
0.77758 0.125

0.77758 0.125
0.776448 0.140625

0.776448 0.140625
0.775182 0.15625

0.775182 0.15625
0.773782 0.171875

0.773782 0.171875
0.772248 0.1875

0.772248 0.1875
0.770579 0.203125

0.770579 0.203125
0.768776 0.21875

0.765625 0.243549
0.764768 0.25

0.768776 0.21875
0.766836 0.234375

0.765625 0.243434
0.766829 0.234375

0.764759 0.25
0.762547 0.265625

0.762547 0.265625
0.760199 0.28125

0.760199 0.28125
0.757714 0.296875

0.757714 0.296875
0.755091 0.3125

0.755092 0.3125
0.752329 0.328125

0.75 0.340644
0.752327 0.328125

0.6875 0.581634
0.68343 0.59375

0.683424 0.59375
0.678023 0.609375

0.678026 0.609375
0.672453 0.625

0.712597 0.5
0.708116 0.515625

0.708119 0.515625
0.703484 0.53125

0.703125 0.532409
0.698695 0.546875

0.698698 0.546875
0.693766 0.5625

0.703125 0.532302
0.703447 0.53125

0.693768 0.5625
0.688672 0.578125

0.6875 0.581448
0.688616 0.578125

0.65625 0.668271
0.65487 0.671875

0.654812 0.671875
0.648817 0.6875

0.671875 0.626558
0.666717 0.640625

0.666715 0.640625
0.660846 0.65625

0.671875 0.626468
0.672413 0.625

0.65625 0.668195
0.660824 0.65625

0.640625 0.709349
0.637192 0.71875

0.648789 0.6875
0.642911 0.703125

0.640625 0.709452
0.642936 0.703125

0.637204 0.71875
0.631671 0.734375

0.631678 0.734375
0.626313 0.75

0.625 0.753925
0.621095 0.765625

0.621102 0.765625
0.616031 0.78125

0.609375 0.80248
0.60629 0.8125

0.616033 0.78125
0.611096 0.796875

0.609375 0.802454
0.611092 0.796875

0.59375 0.855262
0.592576 0.859375

0.592573 0.859375
0.58822 0.875

0.606289 0.8125
0.601601 0.828125

0.601603 0.828125
0.597031 0.84375

0.59375 0.855242
0.597031 0.84375

0.5625 0.975716
0.560447 0.984375

0.560445 0.984375
0.556822 1

0.588221 0.875
0.583971 0.890625

0.583972 0.890625
0.579821 0.90625

0.578125 0.912803
0.575771 0.921875

0.575768 0.921875
0.571806 0.9375

0.578125 0.912769
0.579817 0.90625

0.571806 0.9375
0.567933 0.953125

0.567934 0.953125
0.564147 0.96875

0.5625 0.975685
0.564144 0.96875

0.625 0.753971
0.626325 0.75

0.5 1.29942
0.497959 1.3125

0.497958 1.3125
0.495563 1.32812

0.495563 1.32812
0.49321 1.34375

0.49321 1.34375
0.490898 1.35938

0.490898 1.35938
0.488627 1.375

0.484375 1.40501
0.484201 1.40625

0.488627 1.375
0.486394 1.39062

0.484375 1.405
0.486395 1.39062

0.4842 1.40625
0.482043 1.42188

0.482043 1.42188
0.479921 1.4375

0.479921 1.4375
0.477835 1.45312

0.477835 1.45312
0.475783 1.46875

0.475784 1.46875
0.473766 1.48438

0.473766 1.48438
0.471781 1.5

0.46875 1.52441
0.467908 1.53125

0.467907 1.53125
0.466015 1.54688

0.466015 1.54688
0.464153 1.5625

0.471781 1.5
0.469828 1.51562

0.46875 1.52438
0.469827 1.51562

0.464153 1.5625
0.46232 1.57812

0.462321 1.57812
0.460516 1.59375

0.460516 1.59375
0.45874 1.60938

0.45874 1.60938
0.456991 1.625

0.456991 1.625
0.455269 1.64062

0.455269 1.64062
0.453572 1.65625

0.453125 1.66044
0.451902 1.67188

0.451901 1.67188
0.450254 1.6875

0.453125 1.66041
0.45357 1.65625

0.450254 1.6875
0.448631 1.70312

0.448632 1.70312
0.447032 1.71875

0.447033 1.71875
0.445457 1.73438

0.445457 1.73438
0.443904 1.75

0.4375 1.81693
0.436464 1.82812

0.436463 1.82812
0.435036 1.84375

0.435036 1.84375
0.433628 1.85938

0.433628 1.85938
0.432239 1.875

0.443904 1.75
0.442373 1.76562

0.442373 1.76562
0.440864 1.78125

0.440864 1.78125
0.439376 1.79688

0.439376 1.79688
0.437909 1.8125

0.4375 1.8169
0.437907 1.8125

0.432239 1.875
0.430869 1.89062

0.430869 1.89062
0.429518 1.90625

0.429518 1.90625
0.428185 1.92188

0.428185 1.92188
0.426869 1.9375

0.426869 1.9375
0.425571 1.95312

0.425571 1.95312
0.42429 1.96875

0.421875 1.99878
0.421777 2

0.42429 1.96875
0.423025 1.98438

0.421875 1.99877
0.423025 1.98438

0.556823 1
0.553278 1.01562

0.553278 1.01562
0.549809 1.03125

0.546875 1.04476
0.546414 1.04688

0.546413 1.04688
0.543087 1.0625

0.546875 1.04475
0.549809 1.03125

0.53125 1.12093
0.530452 1.125

0.543088 1.0625
0.53983 1.07812

0.539831 1.07812
0.53664 1.09375

0.53664 1.09375
0.533514 1.10938

0.53125 1.12092
0.533513 1.10938

0.53045 1.125
0.527447 1.14062

0.527447 1.14062
0.524502 1.15625

0.524503 1.15625
0.521615 1.17188

0.521616 1.17188
0.518784 1.1875

0.515625 1.20532
0.513283 1.21875

0.518784 1.1875
0.516007 1.20312

0.515625 1.20527
0.516 1.20312

0.513282 1.21875
0.510608 1.23438

0.510608 1.23438
0.507984 1.25

0.507984 1.25
0.505408 1.26562

0.505408 1.26562
0.502879 1.28125

0.50288 1.28125
0.500396 1.29688

0.5 1.29938
0.50039 1.29688

0.421777 2
0.420544 2.01562

0.420544 2.01562
0.419327 2.03125

0.419327 2.03125
0.418125 2.04688

0.418125 2.04688
0.416937 2.0625

0.416937 2.0625
0.415765 2.07812

0.415765 2.07812
0.414608 2.09375

0.414608 2.09375
0.413464 2.10938

0.413464 2.10938
0.412335 2.125

0.412335 2.125
0.41122 2.14062

0.41122 2.14062
0.410118 2.15625

0.410118 2.15625
0.409029 2.17188

0.409029 2.17188
0.407954 2.1875

0.40625 2.21268
0.405842 2.21875

0.405841 2.21875
0.404803 2.23438

0.404803 2.23438
0.403777 2.25

0.407954 2.1875
0.406891 2.20312

0.40625 2.21267
0.406891 2.20312

0.403777 2.25
0.402763 2.26562

0.402763 2.26562
0.40176 2.28125

0.40176 2.28125
0.400769 2.29688

0.400769 2.29688
0.39979 2.3125

0.39979 2.3125
0.398821 2.32812

0.398821 2.32812
0.397864 2.34375

0.397864 2.34375
0.396918 2.35938

0.396918 2.35938
0.395983 2.375

0.395983 2.375
0.395058 2.39062

0.395058 2.39062
0.394144 2.40625

0.394144 2.40625
0.39324 2.42188

0.39324 2.42188
0.392347 2.4375

0.390625 2.46811
0.390589 2.46875

0.392347 2.4375
0.391463 2.45312

0.390625 2.46811
0.391463 2.45312

0.390589 2.46875
0.389725 2.48438

0.389725 2.48438
0.38887 2.5

0.38887 2.5
0.388024 2.51562

0.388024 2.51562
0.387187 2.53125

0.387187 2.53125
0.38636 2.54688

0.38636 2.54688
0.385542 2.5625

0.385542 2.5625
0.384733 2.57812

0.384733 2.57812
0.383933 2.59375

0.383933 2.59375
0.383141 2.60938

0.383141 2.60938
0.382359 2.625

0.382359 2.625
0.381585 2.64062

0.381585 2.64062
0.38082 2.65625

0.38082 2.65625
0.380063 2.67188

0.380063 2.67188
0.379314 2.6875

0.379314 2.6875
0.378574 2.70312

0.378574 2.70312
0.377842 2.71875

0.377842 2.71875
0.377118 2.73438

0.377118 2.73438
0.376402 2.75

0.375 2.78113
0.374995 2.78125

0.374995 2.78125
0.374302 2.79688

0.374302 2.79688
0.373617 2.8125

0.373617 2.8125
0.37294 2.82812

0.37294 2.82812
0.37227 2.84375

0.37227 2.84375
0.371608 2.85938

0.371608 2.85938
0.370954 2.875

0.370954 2.875
0.370307 2.89062

0.370307 2.89062
0.369667 2.90625

0.369667 2.90625
0.369036 2.92188

0.369035 2.92188
0.368411 2.9375

0.368411 2.9375
0.367795 2.95312

0.367795 2.95312
0.367186 2.96875

0.367186 2.96875
0.366584 2.98438

0.366584 2.98438
0.365991 3

0.376402 2.75
0.375694 2.76562

0.375 2.78113
0.375694 2.76562

0.365991 3
0.365405 3.01562

0.365405 3.01562
0.364826 3.03125

0.364826 3.03125
0.364255 3.04688

0.364255 3.04688
0.363692 3.0625

0.363692 3.0625
0.363137 3.07812

0.363137 3.07812
0.362589 3.09375

0.362589 3.09375
0.362049 3.10938

0.362049 3.10938
0.361517 3.125

0.361516 3.125
0.360992 3.14062

0.360992 3.14062
0.360476 3.15625

0.360476 3.15625
0.359967 3.17188

0.359967 3.17188
0.359466 3.1875

0.359375 3.19039
0.358973 3.20312

0.358973 3.20312
0.358488 3.21875

0.359375 3.19038
0.359466 3.1875

0.358488 3.21875
0.35801 3.23438

0.35801 3.23438
0.357541 3.25

0.357541 3.25
0.357079 3.26562

0.357079 3.26562
0.356626 3.28125

0.356626 3.28125
0.356181 3.29688

0.356181 3.29688
0.355744 3.3125

0.355744 3.3125
0.355315 3.32812

0.355315 3.32812
0.354896 3.34375

0.354896 3.34375
0.354484 3.35938

0.354484 3.35938
0.354082 3.375

0.354082 3.375
0.353688 3.39062

0.353688 3.39062
0.353303 3.40625

0.353303 3.40625
0.352928 3.42188

0.352928 3.42188
0.352561 3.4375

0.352561 3.4375
0.352203 3.45312

0.352203 3.45312
0.351855 3.46875

0.351855 3.46875
0.351516 3.48438

0.351516 3.48438
0.351187 3.5

0.351187 3.5
0.350868 3.51562

0.350868 3.51562
0.350558 3.53125

0.350558 3.53125
0.350259 3.54688

0.350259 3.54688
0.349969 3.5625

0.349969 3.5625
0.34969 3.57812

0.34969 3.57812
0.349422 3.59375

0.349422 3.59375
0.349164 3.60938

0.349164 3.60938
0.348916 3.625

0.348916 3.625
0.34868 3.64062

0.34868 3.64062
0.348455 3.65625

0.348455 3.65625
0.348241 3.67188

0.348241 3.67188
0.348039 3.6875

0.348039 3.6875
0.347848 3.70312

0.347848 3.70312
0.34767 3.71875

0.34767 3.71875
0.347503 3.73438

0.347503 3.73438
0.347349 3.75

0.347349 3.75
0.347207 3.76562

0.347207 3.76562
0.347078 3.78125

0.347078 3.78125
0.346962 3.79688

0.346962 3.79688
0.346859 3.8125

0.346859 3.8125
0.346769 3.82812

0.346769 3.82812
0.346692 3.84375

0.346692 3.84375
0.346629 3.85938

0.346629 3.85938
0.346579 3.875

0.346579 3.875
0.346543 3.89062

0.346543 3.89062
0.34652 3.90625

0.34652 3.90625
0.34651 3.92188

0.34651 3.92188
0.346512 3.9375

0.346512 3.9375
0.346526 3.95312

0.346527 3.95312
0.346552 3.96875

0.346553 3.96875
0.346587 3.98438

0.346598 3.98438
0.346617 4

