0.75 0.465458
0.749131 0.46875

0.749062 0.46875
0.740181 0.5

0.812079 0
0.81181 0.03125

0.811812 0.03125
0.811 0.0625

0.811007 0.0625
0.809633 0.09375

0.809628 0.09375
0.807688 0.125

0.807688 0.125
0.805192 0.15625

0.805192 0.15625
0.802141 0.1875

0.802142 0.1875
0.798533 0.21875

0.798535 0.21875
0.794364 0.25

0.794364 0.25
0.789628 0.28125

0.789621 0.28125
0.784333 0.3125

0.78125 0.32952
0.778578 0.34375

0.778477 0.34375
0.772002 0.375

0.78125 0.328592
0.784272 0.3125

0.771999 0.375
0.764942 0.40625

0.764943 0.40625
0.75731 0.4375

0.75 0.465233
0.757324 0.4375

0.740185 0.5
0.730696 0.53125

0.730725 0.53125
0.720564 0.5625

0.71875 0.567742
0.709744 0.59375

0.709711 0.59375
0.698293 0.625

0.71875 0.567049
0.720325 0.5625

0.6875 0.653328
0.686427 0.65625

0.686514 0.65625
0.675574 0.6875

0.65625 0.747372
0.655423 0.75

0.675576 0.6875
0.665227 0.71875

0.65625 0.747397
0.665261 0.71875

0.6875 0.653674
0.698033 0.625

0.625 0.856985
0.620234 0.875

0.620243 0.875
0.612283 0.90625

0.612291 0.90625
0.604608 0.9375

0.59375 0.983617
0.589965 1

0.604615 0.9375
0.597176 0.96875

0.59375 0.983592
0.597179 0.96875

0.655433 0.75
0.646048 0.78125

0.646061 0.78125
0.63709 0.8125

0.637099 0.8125
0.628495 0.84375

0.625 0.856995
0.628504 0.84375

0.5 1.46331
0.49908 1.46875

0.499075 1.46875
0.493891 1.5

0.493891 1.5
0.488803 1.53125

0.488804 1.53125
0.483809 1.5625

0.48381 1.5625
0.478905 1.59375

0.478906 1.59375
0.474087 1.625

0.46875 1.66029
0.464689 1.6875

0.474089 1.625
0.46935 1.65625

0.46875 1.66017
0.469335 1.65625

0.464688 1.6875
0.460092 1.71875

0.460094 1.71875
0.455561 1.75

0.455562 1.75
0.451086 1.78125

0.451087 1.78125
0.446662 1.8125

0.446664 1.8125
0.442285 1.84375

0.442286 1.84375
0.437948 1.875

0.4375 1.87827
0.433647 1.90625

0.433647 1.90625
0.429375 1.9375

0.429376 1.9375
0.425129 1.96875

0.425131 1.96875
0.420903 2

0.4375 1.87814
0.437932 1.875

0.589968 1
0.582948 1.03125

0.582952 1.03125
0.576113 1.0625

0.576117 1.0625
0.569443 1.09375

0.569446 1.09375
0.562924 1.125

0.5625 1.1271
0.556547 1.15625

0.556548 1.15625
0.550298 1.1875

0.5503 1.1875
0.544173 1.21875

0.544174 1.21875
0.538165 1.25

0.5625 1.12697
0.562902 1.125

0.53125 1.28678
0.526485 1.3125

0.538166 1.25
0.532268 1.28125

0.53125 1.2866
0.532242 1.28125

0.52648 1.3125
0.520796 1.34375

0.520796 1.34375
0.515215 1.375

0.515215 1.375
0.509735 1.40625

0.509735 1.40625
0.504355 1.4375

0.5 1.46327
0.504354 1.4375

0.420905 2
0.416692 2.03125

0.416693 2.03125
0.41249 2.0625

0.40625 2.10899
0.404099 2.125

0.412491 2.0625
0.408291 2.09375

0.40625 2.1089
0.408286 2.09375

0.404094 2.125
0.399889 2.15625

0.39989 2.15625
0.395675 2.1875

0.395676 2.1875
0.391445 2.21875

0.391446 2.21875
0.387195 2.25

0.375 2.33862
0.374288 2.34375

0.374286 2.34375
0.369917 2.375

0.369917 2.375
0.365512 2.40625

0.365512 2.40625
0.361069 2.4375

0.361069 2.4375
0.356586 2.46875

0.356587 2.46875
0.352062 2.5

0.387196 2.25
0.382921 2.28125

0.382922 2.28125
0.378619 2.3125

0.375 2.33859
0.378619 2.3125

0.34375 2.55661
0.34288 2.5625

0.352063 2.5
0.347492 2.53125

0.34375 2.55657
0.347492 2.53125

0.342876 2.5625
0.338209 2.59375

0.338209 2.59375
0.333492 2.625

0.333492 2.625
0.328722 2.65625

0.328723 2.65625
0.323898 2.6875

0.323899 2.6875
0.319018 2.71875

0.319018 2.71875
0.314079 2.75

0.3125 2.75991
0.309086 2.78125

0.309078 2.78125
0.304015 2.8125

0.304015 2.8125
0.298889 2.84375

0.298889 2.84375
0.293701 2.875

0.3125 2.75977
0.314063 2.75

0.293702 2.875
0.288449 2.90625

0.288449 2.90625
0.28313 2.9375

0.28125 2.94849
0.27776 2.96875

0.277747 2.96875
0.272299 3

0.28125 2.94828
0.283107 2.9375

0.25 3.12457
0.249922 3.125

0.249915 3.125
0.244188 3.15625

0.244185 3.15625
0.238413 3.1875

0.238411 3.1875
0.232604 3.21875

0.232602 3.21875
0.226769 3.25

0.21875 3.29294
0.21508 3.3125

0.226767 3.25
0.220916 3.28125

0.21875 3.29254
0.220867 3.28125

0.21505 3.3125
0.209184 3.34375

0.209179 3.34375
0.203326 3.375

0.1875 3.46071
0.186028 3.46875

0.185988 3.46875
0.18034 3.5

0.203322 3.375
0.197498 3.40625

0.197495 3.40625
0.191715 3.4375

0.1875 3.46043
0.191697 3.4375

0.272298 3
0.266788 3.03125

0.266788 3.03125
0.261219 3.0625

0.261219 3.0625
0.255594 3.09375

0.25 3.12453
0.255592 3.09375

0.18033 3.5
0.174778 3.53125

0.174772 3.53125
0.169348 3.5625

0.16934 3.5625
0.16407 3.59375

0.164064 3.59375
0.158977 3.625

0.15625 3.64271
0.154137 3.65625

0.154086 3.65625
0.149447 3.6875

0.15625 3.6422
0.158934 3.625

0.149433 3.6875
0.145071 3.71875

0.145062 3.71875
0.141023 3.75

0.125 3.95486
0.124614 3.96875

0.124625 3.96875
0.124335 4

0.141013 3.75
0.137337 3.78125

0.137329 3.78125
0.134052 3.8125

0.134042 3.8125
0.1312 3.84375

0.131194 3.84375
0.128816 3.875

0.128813 3.875
0.126919 3.90625

0.126918 3.90625
0.125514 3.9375

0.125 3.95553
0.125501 3.9375

