0.375 0.993928
0.36464 1

0.390625 0.984239
0.390402 0.984375

0.375 0.993925
0.390382 0.984375

0.390625 0.984232
0.40625 0.973959

0.421875 0.963117
0.413784 0.96875

0.4375 0.951623
0.435474 0.953125

0.421875 0.963092
0.435393 0.953125

0.40625 0.973927
0.41372 0.96875

0.46875 0.92646
0.45542 0.9375

0.5 0.898156
0.491383 0.90625

0.484375 0.91278
0.473977 0.921875

0.46875 0.926382
0.474002 0.921875

0.484375 0.912662
0.491389 0.90625

0.4375 0.951591
0.453125 0.939385

0.453125 0.939361
0.455431 0.9375

0.75 0.334047
0.748198 0.34375

0.748185 0.34375
0.745142 0.359375

0.745141 0.359375
0.741954 0.375

0.741954 0.375
0.738625 0.390625

0.738624 0.390625
0.735156 0.40625

0.734375 0.409696
0.731562 0.421875

0.731549 0.421875
0.727793 0.4375

0.734375 0.409434
0.73511 0.40625

0.71875 0.472894
0.71567 0.484375

0.715652 0.484375
0.711309 0.5

0.727792 0.4375
0.723889 0.453125

0.723887 0.453125
0.71984 0.46875

0.71875 0.472623
0.719789 0.46875

0.780594 0
0.780528 0.015625

0.780527 0.015625
0.780327 0.03125

0.780327 0.03125
0.779995 0.046875

0.779995 0.046875
0.779531 0.0625

0.779531 0.0625
0.778933 0.078125

0.778933 0.078125
0.778203 0.09375

0.778203 0.09375
0.777339 0.109375

0.777339 0.109375
0.776342 0.125

0.776342 0.125
0.775211 0.140625

0.775211 0.140625
0.773945 0.15625

0.773946 0.15625
0.772546 0.171875

0.772546 0.171875
0.771012 0.1875

0.771012 0.1875
0.769343 0.203125

0.769343 0.203125
0.767538 0.21875

0.765625 0.234168
0.765599 0.234375

0.7656 0.234375
0.763526 0.25

0.765625 0.234163
0.767537 0.21875

0.763526 0.25
0.761314 0.265625

0.761314 0.265625
0.758963 0.28125

0.758963 0.28125
0.756475 0.296875

0.756475 0.296875
0.753848 0.3125

0.753848 0.3125
0.751084 0.328125

0.75 0.333821
0.751058 0.328125

0.625 0.733496
0.624548 0.734375

0.624569 0.734375
0.615942 0.75

0.6875 0.577611
0.687332 0.578125

0.687335 0.578125
0.682079 0.59375

0.671875 0.622858
0.671113 0.625

0.682073 0.59375
0.676655 0.609375

0.671875 0.622788
0.67665 0.609375

0.703125 0.52812
0.702196 0.53125

0.711308 0.5
0.706813 0.515625

0.703125 0.528014
0.706804 0.515625

0.702177 0.53125
0.697383 0.546875

0.697378 0.546875
0.692426 0.5625

0.6875 0.577594
0.692424 0.5625

0.65625 0.664557
0.653382 0.671875

0.653396 0.671875
0.646947 0.6875

0.671102 0.625
0.665376 0.640625

0.665375 0.640625
0.659465 0.65625

0.65625 0.664433
0.659457 0.65625

0.640625 0.701776
0.640028 0.703125

0.640062 0.703125
0.632596 0.71875

0.640625 0.701854
0.646983 0.6875

0.625 0.733542
0.632608 0.71875

0.53125 0.865933
0.522932 0.875

0.5625 0.829165
0.550693 0.84375

0.546875 0.848185
0.537249 0.859375

0.53125 0.866033
0.537216 0.859375

0.546875 0.84828
0.550678 0.84375

0.578125 0.808345
0.575179 0.8125

0.59375 0.785881
0.586363 0.796875

0.578125 0.808453
0.586407 0.796875

0.609375 0.761037
0.606665 0.765625

0.606725 0.765625
0.596873 0.78125

0.609375 0.761169
0.615971 0.75

0.59375 0.786019
0.596895 0.78125

0.575222 0.8125
0.56333 0.828125

0.5625 0.829177
0.563327 0.828125

0.515625 0.882574
0.507665 0.890625

0.5 0.898096
0.507651 0.890625

0.515625 0.882589
0.522892 0.875

0 1.09789
0.015625 1.09772

0.015625 1.09772
0.03125 1.09722

0.03125 1.09722
0.046875 1.09639

0.046875 1.09639
0.0625 1.09521

0.078125 1.0937
0.0775825 1.09375

0.078125 1.0937
0.09375 1.09185

0.0625 1.09521
0.0775956 1.09375

0.09375 1.09185
0.109375 1.08965

0.109375 1.08965
0.125 1.08711

0.125 1.08711
0.140625 1.08421

0.140625 1.08421
0.15625 1.08096

0.171875 1.07734
0.168495 1.07812

0.15625 1.08097
0.168566 1.07812

0.171875 1.07736
0.1875 1.07338

0.234375 1.0592
0.224298 1.0625

0.234375 1.05921
0.25 1.0537

0.1875 1.07339
0.203125 1.06904

0.203125 1.06904
0.21875 1.06432

0.21875 1.06433
0.224334 1.0625

0.25 1.0537
0.265625 1.04779

0.28125 1.04146
0.267889 1.04688

0.265625 1.0478
0.267896 1.04688

0.3125 1.0275
0.304375 1.03125

0.28125 1.04146
0.296875 1.0347

0.296875 1.0347
0.304367 1.03125

0.3125 1.02751
0.328125 1.01984

0.34375 1.01171
0.336244 1.01562

0.328125 1.01984
0.336206 1.01562

0.34375 1.01171
0.359375 1.00307

0.359375 1.00306
0.364596 1

